# Job started on: Thu Oct  8 20:24:11 CEST 2020 ................
# FONLL heavy quark hadroproduction cross section, calculated on Thu Oct  8 20:26:45 CEST 2020
# FONLL version and perturbative order: ## FONLL v1.3.2 fonll [ds/dpt^2dy (pb/GeV^2)]
# quark = bottom
# final state = meson. NP params (cm,lm,hm) = 24.2, 26.7, 22.2
# BR(q->meson) = 1
# ebeam1 = 6500, ebeam2 = 6500
# PDF set = CTEQ6.6
# ptmin = 0.5
# ptmax = 99.5
# etamin = -9.95
# etamax = 9.95
# Uncertainties from scales, masses combined quadratically
# cross section is ds/deta (pb)
# eta       central      min       max       min_sc     max_sc     min_mass   max_mass
  -9.9500 0.0000e+00 0.0000e+00 0.0000e+00 0.0000e+00 0.0000e+00 0.0000e+00 0.0000e+00
  -9.8500 0.0000e+00 0.0000e+00 0.0000e+00 0.0000e+00 0.0000e+00 0.0000e+00 0.0000e+00
  -9.7500 0.0000e+00 0.0000e+00 0.0000e+00 0.0000e+00 0.0000e+00 0.0000e+00 0.0000e+00
  -9.6500 0.0000e+00 0.0000e+00 0.0000e+00 0.0000e+00 0.0000e+00 0.0000e+00 0.0000e+00
  -9.5500 0.0000e+00 0.0000e+00 0.0000e+00 0.0000e+00 0.0000e+00 0.0000e+00 0.0000e+00
  -9.4500 0.0000e+00 0.0000e+00 0.0000e+00 0.0000e+00 0.0000e+00 0.0000e+00 0.0000e+00
  -9.3500 0.0000e+00 0.0000e+00 0.0000e+00 0.0000e+00 0.0000e+00 0.0000e+00 0.0000e+00
  -9.2500 0.0000e+00 0.0000e+00 0.0000e+00 0.0000e+00 0.0000e+00 0.0000e+00 0.0000e+00
  -9.1500 0.0000e+00 0.0000e+00 0.0000e+00 0.0000e+00 0.0000e+00 0.0000e+00 0.0000e+00
  -9.0500 0.0000e+00 0.0000e+00 0.0000e+00 0.0000e+00 0.0000e+00 0.0000e+00 0.0000e+00
  -8.9500 0.0000e+00 0.0000e+00 0.0000e+00 0.0000e+00 0.0000e+00 0.0000e+00 0.0000e+00
  -8.8500 0.0000e+00 0.0000e+00 0.0000e+00 0.0000e+00 0.0000e+00 0.0000e+00 0.0000e+00
  -8.7500 0.0000e+00 0.0000e+00 0.0000e+00 0.0000e+00 0.0000e+00 0.0000e+00 0.0000e+00
  -8.6500 0.0000e+00 0.0000e+00 0.0000e+00 0.0000e+00 0.0000e+00 0.0000e+00 0.0000e+00
  -8.5500 0.0000e+00 0.0000e+00 0.0000e+00 0.0000e+00 0.0000e+00 0.0000e+00 0.0000e+00
  -8.4500 0.0000e+00 0.0000e+00 0.0000e+00 0.0000e+00 0.0000e+00 0.0000e+00 0.0000e+00
  -8.3500 0.0000e+00 0.0000e+00 0.0000e+00 0.0000e+00 0.0000e+00 0.0000e+00 0.0000e+00
  -8.2500 0.0000e+00 0.0000e+00 0.0000e+00 0.0000e+00 0.0000e+00 0.0000e+00 0.0000e+00
  -8.1500 0.0000e+00 0.0000e+00 0.0000e+00 0.0000e+00 0.0000e+00 0.0000e+00 0.0000e+00
  -8.0500 0.0000e+00 0.0000e+00 0.0000e+00 0.0000e+00 0.0000e+00 0.0000e+00 0.0000e+00
  -7.9500 4.4220e+05 2.7485e+05 6.8767e+05 2.9660e+05 6.6370e+05 3.5970e+05 5.4800e+05
  -7.8500 5.4810e+05 3.4036e+05 8.5101e+05 3.6690e+05 8.2150e+05 4.4650e+05 6.7850e+05
  -7.7500 6.7320e+05 4.1750e+05 1.0438e+06 4.4980e+05 1.0080e+06 5.4880e+05 8.3220e+05
  -7.6500 8.1930e+05 5.0733e+05 1.2675e+06 5.4620e+05 1.2240e+06 6.6850e+05 1.0120e+06
  -7.5500 9.9040e+05 6.1196e+05 1.5280e+06 6.5800e+05 1.4760e+06 8.0950e+05 1.2210e+06
  -7.4500 1.1860e+06 7.3128e+05 1.8270e+06 7.8570e+05 1.7660e+06 9.7030e+05 1.4590e+06
  -7.3500 1.4120e+06 8.7784e+05 2.1720e+06 9.4210e+05 2.1000e+06 1.1580e+06 1.7350e+06
  -7.2500 1.6720e+06 1.0338e+06 2.5645e+06 1.1020e+06 2.4810e+06 1.3850e+06 2.0490e+06
  -7.1500 1.9680e+06 1.2104e+06 3.0127e+06 1.2940e+06 2.9160e+06 1.6220e+06 2.4070e+06
  -7.0500 2.3030e+06 1.4153e+06 3.5183e+06 1.5110e+06 3.4070e+06 1.9020e+06 2.8110e+06
  -6.9500 2.6790e+06 1.6464e+06 4.0846e+06 1.7550e+06 3.9580e+06 2.2180e+06 3.2620e+06
  -6.8500 3.1000e+06 1.9055e+06 4.7166e+06 2.0290e+06 4.5730e+06 2.5710e+06 3.7660e+06
  -6.7500 3.5660e+06 2.1921e+06 5.4155e+06 2.3320e+06 5.2530e+06 2.9620e+06 4.3240e+06
  -6.6500 4.0780e+06 2.5082e+06 6.1841e+06 2.6650e+06 6.0010e+06 3.3940e+06 4.9370e+06
  -6.5500 4.6400e+06 2.8531e+06 7.0235e+06 3.0290e+06 6.8190e+06 3.8670e+06 5.6060e+06
  -6.4500 5.2540e+06 3.2321e+06 7.9400e+06 3.4270e+06 7.7120e+06 4.3880e+06 6.3370e+06
  -6.3500 5.9240e+06 3.6452e+06 8.9364e+06 3.8610e+06 8.6840e+06 4.9560e+06 7.1310e+06
  -6.2500 6.6480e+06 4.0911e+06 1.0011e+07 4.3290e+06 9.7320e+06 5.5710e+06 7.9880e+06
  -6.1500 7.4250e+06 4.5734e+06 1.1166e+07 4.8340e+06 1.0860e+07 6.2340e+06 8.9060e+06
  -6.0500 8.2580e+06 5.0869e+06 1.2394e+07 5.3720e+06 1.2060e+07 6.9440e+06 9.8870e+06
  -5.9500 9.1470e+06 5.6362e+06 1.3703e+07 5.9460e+06 1.3340e+07 7.7050e+06 1.0930e+07
  -5.8500 1.0090e+07 6.2192e+06 1.5095e+07 6.5550e+06 1.4700e+07 8.5130e+06 1.2040e+07
  -5.7500 1.1080e+07 6.8363e+06 1.6557e+07 7.1970e+06 1.6130e+07 9.3680e+06 1.3200e+07
  -5.6500 1.2130e+07 7.4835e+06 1.8088e+07 7.8720e+06 1.7630e+07 1.0270e+07 1.4420e+07
  -5.5500 1.3220e+07 8.1606e+06 1.9694e+07 8.5770e+06 1.9200e+07 1.1210e+07 1.5700e+07
  -5.4500 1.4370e+07 8.8652e+06 2.1356e+07 9.3110e+06 2.0830e+07 1.2200e+07 1.7030e+07
  -5.3500 1.5560e+07 9.5960e+06 2.3090e+07 1.0070e+07 2.2530e+07 1.3230e+07 1.8410e+07
  -5.2500 1.6780e+07 1.0358e+07 2.4876e+07 1.0860e+07 2.4280e+07 1.4290e+07 1.9830e+07
  -5.1500 1.8050e+07 1.1138e+07 2.6713e+07 1.1670e+07 2.6080e+07 1.5390e+07 2.1300e+07
  -5.0500 1.9350e+07 1.1938e+07 2.8598e+07 1.2500e+07 2.7930e+07 1.6520e+07 2.2800e+07
  -4.9500 2.0670e+07 1.2754e+07 3.0516e+07 1.3340e+07 2.9810e+07 1.7680e+07 2.4330e+07
  -4.8500 2.2030e+07 1.3583e+07 3.2470e+07 1.4200e+07 3.1730e+07 1.8860e+07 2.5890e+07
  -4.7500 2.3410e+07 1.4422e+07 3.4453e+07 1.5070e+07 3.3680e+07 2.0060e+07 2.7470e+07
  -4.6500 2.4800e+07 1.5279e+07 3.6469e+07 1.5950e+07 3.5660e+07 2.1290e+07 2.9070e+07
  -4.5500 2.6210e+07 1.6140e+07 3.8496e+07 1.6840e+07 3.7650e+07 2.2520e+07 3.0690e+07
  -4.4500 2.7630e+07 1.7000e+07 4.0529e+07 1.7730e+07 3.9650e+07 2.3760e+07 3.2310e+07
  -4.3500 2.9050e+07 1.7865e+07 4.2562e+07 1.8620e+07 4.1650e+07 2.5010e+07 3.3930e+07
  -4.2500 3.0470e+07 1.8720e+07 4.4595e+07 1.9500e+07 4.3650e+07 2.6260e+07 3.5550e+07
  -4.1500 3.1890e+07 1.9575e+07 4.6628e+07 2.0380e+07 4.5650e+07 2.7510e+07 3.7170e+07
  -4.0500 3.3290e+07 2.0432e+07 4.8641e+07 2.1260e+07 4.7630e+07 2.8750e+07 3.8770e+07
  -3.9500 3.4690e+07 2.1267e+07 5.0623e+07 2.2120e+07 4.9580e+07 2.9980e+07 4.0360e+07
  -3.8500 3.6070e+07 2.2094e+07 5.2585e+07 2.2970e+07 5.1510e+07 3.1200e+07 4.1930e+07
  -3.7500 3.7430e+07 2.2901e+07 5.4513e+07 2.3800e+07 5.3410e+07 3.2400e+07 4.3470e+07
  -3.6500 3.8760e+07 2.3701e+07 5.6403e+07 2.4620e+07 5.5270e+07 3.3580e+07 4.4980e+07
  -3.5500 4.0050e+07 2.4473e+07 5.8252e+07 2.5410e+07 5.7090e+07 3.4730e+07 4.6450e+07
  -3.4500 4.1320e+07 2.5219e+07 6.0037e+07 2.6180e+07 5.8850e+07 3.5840e+07 4.7880e+07
  -3.3500 4.2540e+07 2.5940e+07 6.1763e+07 2.6920e+07 6.0550e+07 3.6920e+07 4.9260e+07
  -3.2500 4.3710e+07 2.6636e+07 6.3420e+07 2.7630e+07 6.2180e+07 3.7970e+07 5.0590e+07
  -3.1500 4.4830e+07 2.7298e+07 6.5008e+07 2.8310e+07 6.3740e+07 3.8960e+07 5.1870e+07
  -3.0500 4.5900e+07 2.7932e+07 6.6511e+07 2.8960e+07 6.5220e+07 3.9910e+07 5.3080e+07
  -2.9500 4.6910e+07 2.8525e+07 6.7928e+07 2.9570e+07 6.6620e+07 4.0800e+07 5.4210e+07
  -2.8500 4.7840e+07 2.9082e+07 6.9245e+07 3.0140e+07 6.7910e+07 4.1630e+07 5.5280e+07
  -2.7500 4.8710e+07 2.9598e+07 7.0462e+07 3.0670e+07 6.9110e+07 4.2400e+07 5.6260e+07
  -2.6500 4.9490e+07 3.0069e+07 7.1562e+07 3.1150e+07 7.0190e+07 4.3100e+07 5.7150e+07
  -2.5500 5.0200e+07 3.0494e+07 7.2534e+07 3.1590e+07 7.1150e+07 4.3720e+07 5.7940e+07
  -2.4500 5.0810e+07 3.0864e+07 7.3382e+07 3.1970e+07 7.1980e+07 4.4260e+07 5.8640e+07
  -2.3500 5.1330e+07 3.1185e+07 7.4095e+07 3.2300e+07 7.2680e+07 4.4720e+07 5.9230e+07
  -2.2500 5.1740e+07 3.1449e+07 7.4666e+07 3.2570e+07 7.3240e+07 4.5090e+07 5.9700e+07
  -2.1500 5.2050e+07 3.1655e+07 7.5084e+07 3.2780e+07 7.3650e+07 4.5370e+07 6.0050e+07
  -2.0500 5.2250e+07 3.1779e+07 7.5332e+07 3.2910e+07 7.3890e+07 4.5540e+07 6.0280e+07
  -1.9500 5.2340e+07 3.1856e+07 7.5425e+07 3.2990e+07 7.3980e+07 4.5620e+07 6.0380e+07
  -1.8500 5.2310e+07 3.1874e+07 7.5348e+07 3.3010e+07 7.3900e+07 4.5590e+07 6.0350e+07
  -1.7500 5.2160e+07 3.1825e+07 7.5107e+07 3.2960e+07 7.3660e+07 4.5460e+07 6.0180e+07
  -1.6500 5.1900e+07 3.1697e+07 7.4705e+07 3.2830e+07 7.3260e+07 4.5230e+07 5.9890e+07
  -1.5500 5.1530e+07 3.1516e+07 7.4140e+07 3.2650e+07 7.2700e+07 4.4890e+07 5.9470e+07
  -1.4500 5.1040e+07 3.1267e+07 7.3367e+07 3.2390e+07 7.1930e+07 4.4470e+07 5.8920e+07
  -1.3500 5.0490e+07 3.0953e+07 7.2516e+07 3.2080e+07 7.1100e+07 4.3950e+07 5.8260e+07
  -1.2500 4.9820e+07 3.0589e+07 7.1543e+07 3.1710e+07 7.0140e+07 4.3350e+07 5.7500e+07
  -1.1500 4.9040e+07 3.0207e+07 7.0488e+07 3.1310e+07 6.9070e+07 4.2690e+07 5.6710e+07
  -1.0500 4.8230e+07 2.9770e+07 6.9316e+07 3.0860e+07 6.7910e+07 4.1980e+07 5.5800e+07
  -0.9500 4.7390e+07 2.9299e+07 6.8056e+07 3.0380e+07 6.6690e+07 4.1230e+07 5.4780e+07
  -0.8500 4.6530e+07 2.8821e+07 6.6808e+07 2.9890e+07 6.5460e+07 4.0470e+07 5.3800e+07
  -0.7500 4.5670e+07 2.8346e+07 6.5560e+07 2.9400e+07 6.4230e+07 3.9720e+07 5.2820e+07
  -0.6500 4.4850e+07 2.7876e+07 6.4373e+07 2.8920e+07 6.3060e+07 3.8990e+07 5.1890e+07
  -0.5500 4.4090e+07 2.7438e+07 6.3257e+07 2.8470e+07 6.1960e+07 3.8320e+07 5.1020e+07
  -0.4500 4.3410e+07 2.7058e+07 6.2270e+07 2.8080e+07 6.0990e+07 3.7720e+07 5.0240e+07
  -0.3500 4.2830e+07 2.6727e+07 6.1437e+07 2.7740e+07 6.0170e+07 3.7210e+07 4.9580e+07
  -0.2500 4.2380e+07 2.6464e+07 6.0779e+07 2.7470e+07 5.9520e+07 3.6810e+07 4.9070e+07
  -0.1500 4.2070e+07 2.6289e+07 6.0330e+07 2.7290e+07 5.9080e+07 3.6540e+07 4.8710e+07
  -0.0500 4.1910e+07 2.6202e+07 6.0098e+07 2.7200e+07 5.8850e+07 3.6400e+07 4.8530e+07
   0.0500 4.1910e+07 2.6202e+07 6.0098e+07 2.7200e+07 5.8850e+07 3.6400e+07 4.8530e+07
   0.1500 4.2070e+07 2.6289e+07 6.0330e+07 2.7290e+07 5.9080e+07 3.6540e+07 4.8710e+07
   0.2500 4.2380e+07 2.6464e+07 6.0779e+07 2.7470e+07 5.9520e+07 3.6810e+07 4.9070e+07
   0.3500 4.2830e+07 2.6727e+07 6.1437e+07 2.7740e+07 6.0170e+07 3.7210e+07 4.9580e+07
   0.4500 4.3410e+07 2.7058e+07 6.2270e+07 2.8080e+07 6.0990e+07 3.7720e+07 5.0240e+07
   0.5500 4.4090e+07 2.7438e+07 6.3257e+07 2.8470e+07 6.1960e+07 3.8320e+07 5.1020e+07
   0.6500 4.4850e+07 2.7876e+07 6.4373e+07 2.8920e+07 6.3060e+07 3.8990e+07 5.1890e+07
   0.7500 4.5670e+07 2.8346e+07 6.5560e+07 2.9400e+07 6.4230e+07 3.9720e+07 5.2820e+07
   0.8500 4.6530e+07 2.8821e+07 6.6808e+07 2.9890e+07 6.5460e+07 4.0470e+07 5.3800e+07
   0.9500 4.7390e+07 2.9299e+07 6.8056e+07 3.0380e+07 6.6690e+07 4.1230e+07 5.4780e+07
   1.0500 4.8230e+07 2.9770e+07 6.9316e+07 3.0860e+07 6.7910e+07 4.1980e+07 5.5800e+07
   1.1500 4.9040e+07 3.0207e+07 7.0488e+07 3.1310e+07 6.9070e+07 4.2690e+07 5.6710e+07
   1.2500 4.9820e+07 3.0589e+07 7.1543e+07 3.1710e+07 7.0140e+07 4.3350e+07 5.7500e+07
   1.3500 5.0490e+07 3.0953e+07 7.2516e+07 3.2080e+07 7.1100e+07 4.3950e+07 5.8260e+07
   1.4500 5.1040e+07 3.1267e+07 7.3367e+07 3.2390e+07 7.1930e+07 4.4470e+07 5.8920e+07
   1.5500 5.1530e+07 3.1516e+07 7.4140e+07 3.2650e+07 7.2700e+07 4.4890e+07 5.9470e+07
   1.6500 5.1900e+07 3.1697e+07 7.4705e+07 3.2830e+07 7.3260e+07 4.5230e+07 5.9890e+07
   1.7500 5.2160e+07 3.1825e+07 7.5107e+07 3.2960e+07 7.3660e+07 4.5460e+07 6.0180e+07
   1.8500 5.2310e+07 3.1874e+07 7.5348e+07 3.3010e+07 7.3900e+07 4.5590e+07 6.0350e+07
   1.9500 5.2340e+07 3.1856e+07 7.5425e+07 3.2990e+07 7.3980e+07 4.5620e+07 6.0380e+07
   2.0500 5.2250e+07 3.1779e+07 7.5332e+07 3.2910e+07 7.3890e+07 4.5540e+07 6.0280e+07
   2.1500 5.2050e+07 3.1655e+07 7.5084e+07 3.2780e+07 7.3650e+07 4.5370e+07 6.0050e+07
   2.2500 5.1740e+07 3.1449e+07 7.4666e+07 3.2570e+07 7.3240e+07 4.5090e+07 5.9700e+07
   2.3500 5.1330e+07 3.1185e+07 7.4095e+07 3.2300e+07 7.2680e+07 4.4720e+07 5.9230e+07
   2.4500 5.0810e+07 3.0864e+07 7.3382e+07 3.1970e+07 7.1980e+07 4.4260e+07 5.8640e+07
   2.5500 5.0200e+07 3.0494e+07 7.2534e+07 3.1590e+07 7.1150e+07 4.3720e+07 5.7940e+07
   2.6500 4.9490e+07 3.0069e+07 7.1562e+07 3.1150e+07 7.0190e+07 4.3100e+07 5.7150e+07
   2.7500 4.8710e+07 2.9598e+07 7.0462e+07 3.0670e+07 6.9110e+07 4.2400e+07 5.6260e+07
   2.8500 4.7840e+07 2.9082e+07 6.9245e+07 3.0140e+07 6.7910e+07 4.1630e+07 5.5280e+07
   2.9500 4.6910e+07 2.8525e+07 6.7928e+07 2.9570e+07 6.6620e+07 4.0800e+07 5.4210e+07
   3.0500 4.5900e+07 2.7932e+07 6.6511e+07 2.8960e+07 6.5220e+07 3.9910e+07 5.3080e+07
   3.1500 4.4830e+07 2.7298e+07 6.5008e+07 2.8310e+07 6.3740e+07 3.8960e+07 5.1870e+07
   3.2500 4.3710e+07 2.6636e+07 6.3420e+07 2.7630e+07 6.2180e+07 3.7970e+07 5.0590e+07
   3.3500 4.2540e+07 2.5940e+07 6.1763e+07 2.6920e+07 6.0550e+07 3.6920e+07 4.9260e+07
   3.4500 4.1320e+07 2.5219e+07 6.0037e+07 2.6180e+07 5.8850e+07 3.5840e+07 4.7880e+07
   3.5500 4.0050e+07 2.4473e+07 5.8252e+07 2.5410e+07 5.7090e+07 3.4730e+07 4.6450e+07
   3.6500 3.8760e+07 2.3701e+07 5.6403e+07 2.4620e+07 5.5270e+07 3.3580e+07 4.4980e+07
   3.7500 3.7430e+07 2.2901e+07 5.4513e+07 2.3800e+07 5.3410e+07 3.2400e+07 4.3470e+07
   3.8500 3.6070e+07 2.2094e+07 5.2585e+07 2.2970e+07 5.1510e+07 3.1200e+07 4.1930e+07
   3.9500 3.4690e+07 2.1267e+07 5.0623e+07 2.2120e+07 4.9580e+07 2.9980e+07 4.0360e+07
   4.0500 3.3290e+07 2.0432e+07 4.8641e+07 2.1260e+07 4.7630e+07 2.8750e+07 3.8770e+07
   4.1500 3.1890e+07 1.9575e+07 4.6628e+07 2.0380e+07 4.5650e+07 2.7510e+07 3.7170e+07
   4.2500 3.0470e+07 1.8720e+07 4.4595e+07 1.9500e+07 4.3650e+07 2.6260e+07 3.5550e+07
   4.3500 2.9050e+07 1.7865e+07 4.2562e+07 1.8620e+07 4.1650e+07 2.5010e+07 3.3930e+07
   4.4500 2.7630e+07 1.7000e+07 4.0529e+07 1.7730e+07 3.9650e+07 2.3760e+07 3.2310e+07
   4.5500 2.6210e+07 1.6140e+07 3.8496e+07 1.6840e+07 3.7650e+07 2.2520e+07 3.0690e+07
   4.6500 2.4800e+07 1.5279e+07 3.6469e+07 1.5950e+07 3.5660e+07 2.1290e+07 2.9070e+07
   4.7500 2.3410e+07 1.4422e+07 3.4453e+07 1.5070e+07 3.3680e+07 2.0060e+07 2.7470e+07
   4.8500 2.2030e+07 1.3583e+07 3.2470e+07 1.4200e+07 3.1730e+07 1.8860e+07 2.5890e+07
   4.9500 2.0670e+07 1.2754e+07 3.0516e+07 1.3340e+07 2.9810e+07 1.7680e+07 2.4330e+07
   5.0500 1.9350e+07 1.1938e+07 2.8598e+07 1.2500e+07 2.7930e+07 1.6520e+07 2.2800e+07
   5.1500 1.8050e+07 1.1138e+07 2.6713e+07 1.1670e+07 2.6080e+07 1.5390e+07 2.1300e+07
   5.2500 1.6780e+07 1.0358e+07 2.4876e+07 1.0860e+07 2.4280e+07 1.4290e+07 1.9830e+07
   5.3500 1.5560e+07 9.5960e+06 2.3090e+07 1.0070e+07 2.2530e+07 1.3230e+07 1.8410e+07
   5.4500 1.4370e+07 8.8652e+06 2.1356e+07 9.3110e+06 2.0830e+07 1.2200e+07 1.7030e+07
   5.5500 1.3220e+07 8.1606e+06 1.9694e+07 8.5770e+06 1.9200e+07 1.1210e+07 1.5700e+07
   5.6500 1.2130e+07 7.4835e+06 1.8088e+07 7.8720e+06 1.7630e+07 1.0270e+07 1.4420e+07
   5.7500 1.1080e+07 6.8363e+06 1.6557e+07 7.1970e+06 1.6130e+07 9.3680e+06 1.3200e+07
   5.8500 1.0090e+07 6.2192e+06 1.5095e+07 6.5550e+06 1.4700e+07 8.5130e+06 1.2040e+07
   5.9500 9.1470e+06 5.6362e+06 1.3703e+07 5.9460e+06 1.3340e+07 7.7050e+06 1.0930e+07
   6.0500 8.2580e+06 5.0869e+06 1.2394e+07 5.3720e+06 1.2060e+07 6.9440e+06 9.8870e+06
   6.1500 7.4250e+06 4.5734e+06 1.1166e+07 4.8340e+06 1.0860e+07 6.2340e+06 8.9060e+06
   6.2500 6.6480e+06 4.0911e+06 1.0011e+07 4.3290e+06 9.7320e+06 5.5710e+06 7.9880e+06
   6.3500 5.9240e+06 3.6452e+06 8.9364e+06 3.8610e+06 8.6840e+06 4.9560e+06 7.1310e+06
   6.4500 5.2540e+06 3.2321e+06 7.9400e+06 3.4270e+06 7.7120e+06 4.3880e+06 6.3370e+06
   6.5500 4.6400e+06 2.8531e+06 7.0235e+06 3.0290e+06 6.8190e+06 3.8670e+06 5.6060e+06
   6.6500 4.0780e+06 2.5082e+06 6.1841e+06 2.6650e+06 6.0010e+06 3.3940e+06 4.9370e+06
   6.7500 3.5660e+06 2.1921e+06 5.4155e+06 2.3320e+06 5.2530e+06 2.9620e+06 4.3240e+06
   6.8500 3.1000e+06 1.9055e+06 4.7166e+06 2.0290e+06 4.5730e+06 2.5710e+06 3.7660e+06
   6.9500 2.6790e+06 1.6464e+06 4.0846e+06 1.7550e+06 3.9580e+06 2.2180e+06 3.2620e+06
   7.0500 2.3030e+06 1.4153e+06 3.5183e+06 1.5110e+06 3.4070e+06 1.9020e+06 2.8110e+06
   7.1500 1.9680e+06 1.2104e+06 3.0127e+06 1.2940e+06 2.9160e+06 1.6220e+06 2.4070e+06
   7.2500 1.6720e+06 1.0338e+06 2.5645e+06 1.1020e+06 2.4810e+06 1.3850e+06 2.0490e+06
   7.3500 1.4120e+06 8.7784e+05 2.1720e+06 9.4210e+05 2.1000e+06 1.1580e+06 1.7350e+06
   7.4500 1.1860e+06 7.3128e+05 1.8270e+06 7.8570e+05 1.7660e+06 9.7030e+05 1.4590e+06
   7.5500 9.9040e+05 6.1196e+05 1.5280e+06 6.5800e+05 1.4760e+06 8.0950e+05 1.2210e+06
   7.6500 8.1930e+05 5.0733e+05 1.2675e+06 5.4620e+05 1.2240e+06 6.6850e+05 1.0120e+06
   7.7500 6.7320e+05 4.1750e+05 1.0438e+06 4.4980e+05 1.0080e+06 5.4880e+05 8.3220e+05
   7.8500 5.4810e+05 3.4036e+05 8.5101e+05 3.6690e+05 8.2150e+05 4.4650e+05 6.7850e+05
   7.9500 4.4220e+05 2.7485e+05 6.8767e+05 2.9660e+05 6.6370e+05 3.5970e+05 5.4800e+05
   8.0500 0.0000e+00 0.0000e+00 0.0000e+00 0.0000e+00 0.0000e+00 0.0000e+00 0.0000e+00
   8.1500 0.0000e+00 0.0000e+00 0.0000e+00 0.0000e+00 0.0000e+00 0.0000e+00 0.0000e+00
   8.2500 0.0000e+00 0.0000e+00 0.0000e+00 0.0000e+00 0.0000e+00 0.0000e+00 0.0000e+00
   8.3500 0.0000e+00 0.0000e+00 0.0000e+00 0.0000e+00 0.0000e+00 0.0000e+00 0.0000e+00
   8.4500 0.0000e+00 0.0000e+00 0.0000e+00 0.0000e+00 0.0000e+00 0.0000e+00 0.0000e+00
   8.5500 0.0000e+00 0.0000e+00 0.0000e+00 0.0000e+00 0.0000e+00 0.0000e+00 0.0000e+00
   8.6500 0.0000e+00 0.0000e+00 0.0000e+00 0.0000e+00 0.0000e+00 0.0000e+00 0.0000e+00
   8.7500 0.0000e+00 0.0000e+00 0.0000e+00 0.0000e+00 0.0000e+00 0.0000e+00 0.0000e+00
   8.8500 0.0000e+00 0.0000e+00 0.0000e+00 0.0000e+00 0.0000e+00 0.0000e+00 0.0000e+00
   8.9500 0.0000e+00 0.0000e+00 0.0000e+00 0.0000e+00 0.0000e+00 0.0000e+00 0.0000e+00
   9.0500 0.0000e+00 0.0000e+00 0.0000e+00 0.0000e+00 0.0000e+00 0.0000e+00 0.0000e+00
   9.1500 0.0000e+00 0.0000e+00 0.0000e+00 0.0000e+00 0.0000e+00 0.0000e+00 0.0000e+00
   9.2500 0.0000e+00 0.0000e+00 0.0000e+00 0.0000e+00 0.0000e+00 0.0000e+00 0.0000e+00
   9.3500 0.0000e+00 0.0000e+00 0.0000e+00 0.0000e+00 0.0000e+00 0.0000e+00 0.0000e+00
   9.4500 0.0000e+00 0.0000e+00 0.0000e+00 0.0000e+00 0.0000e+00 0.0000e+00 0.0000e+00
   9.5500 0.0000e+00 0.0000e+00 0.0000e+00 0.0000e+00 0.0000e+00 0.0000e+00 0.0000e+00
   9.6500 0.0000e+00 0.0000e+00 0.0000e+00 0.0000e+00 0.0000e+00 0.0000e+00 0.0000e+00
   9.7500 0.0000e+00 0.0000e+00 0.0000e+00 0.0000e+00 0.0000e+00 0.0000e+00 0.0000e+00
   9.8500 0.0000e+00 0.0000e+00 0.0000e+00 0.0000e+00 0.0000e+00 0.0000e+00 0.0000e+00
   9.9500 0.0000e+00 0.0000e+00 0.0000e+00 0.0000e+00 0.0000e+00 0.0000e+00 0.0000e+00
   
