# Job started on: Thu Oct  8 20:28:14 CEST 2020 ....
# FONLL heavy quark hadroproduction cross section, calculated on Thu Oct  8 20:28:52 CEST 2020
# FONLL version and perturbative order: ## FONLL v1.3.2 fonll [ds/dpt^2dy (pb/GeV^2)]
# quark = bottom
# final state = meson. NP params (cm,lm,hm) = 24.2, 26.7, 22.2
# BR(q->meson) = 1
# ebeam1 = 6500, ebeam2 = 6500
# PDF set = CTEQ6.6
# ptmin = 0.5
# ptmax = 99.5
# etamin = -2.8
# etamax = 2.8
# Uncertainties from scales, masses combined quadratically
# cross section is ds/dpt (pb/GeV)
# pt      central      min       max       min_sc     max_sc     min_mass   max_mass
   0.5000 4.6478e+06 2.0018e+06 7.3144e+06 2.1988e+06 6.9609e+06 3.6459e+06 5.9746e+06
   1.5000 2.3648e+07 1.1049e+07 3.5788e+07 1.1909e+07 3.4275e+07 1.9075e+07 2.9517e+07
   2.5000 3.6223e+07 1.8402e+07 5.3385e+07 1.9564e+07 5.1452e+07 2.9893e+07 4.4135e+07
   3.5000 3.9093e+07 2.1419e+07 5.7065e+07 2.2518e+07 5.5434e+07 3.2958e+07 4.6574e+07
   4.5000 3.5553e+07 2.0811e+07 5.1734e+07 2.1675e+07 5.0619e+07 3.0581e+07 4.1454e+07
   5.5000 2.9405e+07 1.8260e+07 4.2639e+07 1.8874e+07 4.1944e+07 2.5756e+07 3.3638e+07
   6.5000 2.3125e+07 1.5118e+07 3.3346e+07 1.5537e+07 3.2923e+07 2.0570e+07 2.6033e+07
   7.5000 1.7755e+07 1.2109e+07 2.5414e+07 1.2391e+07 2.5155e+07 1.5995e+07 1.9731e+07
   8.5000 1.3516e+07 9.5436e+06 1.9180e+07 9.7336e+06 1.9017e+07 1.2302e+07 1.4863e+07
   9.5000 1.0290e+07 7.4579e+06 1.4466e+07 7.5869e+06 1.4361e+07 9.4453e+06 1.1220e+07
  10.5000 7.8712e+06 5.8420e+06 1.0958e+07 5.9314e+06 1.0889e+07 7.2752e+06 8.5217e+06
  11.5000 6.0641e+06 4.5778e+06 8.3600e+06 4.6402e+06 8.3130e+06 5.6379e+06 6.5264e+06
  12.5000 4.7113e+06 3.5850e+06 6.4328e+06 3.6282e+06 6.4002e+06 4.4022e+06 5.0446e+06
  13.5000 3.6906e+06 2.8299e+06 4.9918e+06 2.8604e+06 4.9688e+06 3.4635e+06 3.9341e+06
  14.5000 2.9169e+06 2.2531e+06 3.9092e+06 2.2750e+06 3.8927e+06 2.7480e+06 3.0971e+06
  15.5000 2.3247e+06 1.8082e+06 3.0882e+06 1.8241e+06 3.0762e+06 2.1977e+06 2.4596e+06
  16.5000 1.8669e+06 1.4618e+06 2.4593e+06 1.4735e+06 2.4505e+06 1.7704e+06 1.9688e+06
  17.5000 1.5106e+06 1.1903e+06 1.9739e+06 1.1990e+06 1.9673e+06 1.4366e+06 1.5884e+06
  18.5000 1.2312e+06 9.7606e+05 1.5964e+06 9.8257e+05 1.5914e+06 1.1740e+06 1.2911e+06
  19.5000 1.0102e+06 8.0542e+05 1.3003e+06 8.1035e+05 1.2965e+06 9.6555e+05 1.0568e+06
  20.5000 8.3408e+05 6.6859e+05 1.0662e+06 6.7236e+05 1.0633e+06 7.9900e+05 8.7051e+05
  21.5000 6.9277e+05 5.5818e+05 8.7967e+05 5.6107e+05 8.7745e+05 6.6501e+05 7.2148e+05
  22.5000 5.7865e+05 4.6851e+05 7.3008e+05 4.7076e+05 7.2836e+05 5.5654e+05 6.0142e+05
  23.5000 4.8590e+05 3.9523e+05 6.0938e+05 3.9698e+05 6.0803e+05 4.6817e+05 5.0409e+05
  24.5000 4.1005e+05 3.3500e+05 5.1134e+05 3.3637e+05 5.1028e+05 3.9576e+05 4.2467e+05
  25.5000 3.4767e+05 2.8521e+05 4.3122e+05 2.8630e+05 4.3038e+05 3.3609e+05 3.5949e+05
  26.5000 2.9610e+05 2.4386e+05 3.6538e+05 2.4472e+05 3.6471e+05 2.8666e+05 3.0571e+05
  27.5000 2.5325e+05 2.0936e+05 3.1099e+05 2.1004e+05 3.1045e+05 2.4552e+05 2.6110e+05
  28.5000 2.1749e+05 1.8043e+05 2.6582e+05 1.8098e+05 2.6539e+05 2.1112e+05 2.2394e+05
  29.5000 1.8749e+05 1.5607e+05 2.2814e+05 1.5652e+05 2.2779e+05 1.8223e+05 1.9282e+05
  30.5000 1.6223e+05 1.3547e+05 1.9656e+05 1.3583e+05 1.9628e+05 1.5786e+05 1.6664e+05
  31.5000 1.4085e+05 1.1798e+05 1.6998e+05 1.1827e+05 1.6974e+05 1.3720e+05 1.4453e+05
  32.5000 1.2270e+05 1.0307e+05 1.4751e+05 1.0331e+05 1.4731e+05 1.1964e+05 1.2577e+05
  33.5000 1.0722e+05 9.0318e+04 1.2844e+05 9.0516e+04 1.2828e+05 1.0464e+05 1.0980e+05
  34.5000 9.3977e+04 7.9375e+04 1.1219e+05 7.9539e+04 1.1206e+05 9.1799e+04 9.6156e+04
  35.5000 8.2612e+04 6.9953e+04 9.8294e+04 7.0089e+04 9.8185e+04 8.0763e+04 8.4457e+04
  36.5000 7.2823e+04 6.1813e+04 8.6369e+04 6.1927e+04 8.6278e+04 7.1248e+04 7.4391e+04
  37.5000 6.4365e+04 5.4760e+04 7.6103e+04 5.4855e+04 7.6027e+04 6.3019e+04 6.5703e+04
  38.5000 5.7034e+04 4.8630e+04 6.7239e+04 4.8709e+04 6.7174e+04 5.5880e+04 5.8179e+04
  39.5000 5.0662e+04 4.3286e+04 5.9562e+04 4.3353e+04 5.9507e+04 4.9669e+04 5.1646e+04
  40.5000 4.5108e+04 3.8616e+04 5.2895e+04 3.8673e+04 5.2848e+04 4.4251e+04 4.5955e+04
  41.5000 4.0253e+04 3.4525e+04 4.7086e+04 3.4573e+04 4.7046e+04 3.9512e+04 4.0985e+04
  42.5000 3.5998e+04 3.0932e+04 4.2008e+04 3.0973e+04 4.1974e+04 3.5355e+04 3.6633e+04
  43.5000 3.2260e+04 2.7769e+04 3.7558e+04 2.7804e+04 3.7529e+04 3.1700e+04 3.2812e+04
  44.5000 2.8968e+04 2.4978e+04 3.3649e+04 2.5008e+04 3.3624e+04 2.8479e+04 2.9450e+04
  45.5000 2.6062e+04 2.2510e+04 3.0207e+04 2.2536e+04 3.0186e+04 2.5634e+04 2.6483e+04
  46.5000 2.3492e+04 2.0322e+04 2.7171e+04 2.0345e+04 2.7152e+04 2.3116e+04 2.3861e+04
  47.5000 2.1213e+04 1.8379e+04 2.4486e+04 1.8399e+04 2.4470e+04 2.0883e+04 2.1538e+04
  48.5000 1.9189e+04 1.6650e+04 2.2108e+04 1.6667e+04 2.2094e+04 1.8898e+04 1.9476e+04
  49.5000 1.7388e+04 1.5108e+04 1.9997e+04 1.5123e+04 1.9984e+04 1.7131e+04 1.7642e+04
  50.5000 1.5782e+04 1.3731e+04 1.8119e+04 1.3743e+04 1.8108e+04 1.5554e+04 1.6006e+04
  51.5000 1.4347e+04 1.2498e+04 1.6444e+04 1.2509e+04 1.6434e+04 1.4144e+04 1.4546e+04
  52.5000 1.3061e+04 1.1392e+04 1.4946e+04 1.1402e+04 1.4938e+04 1.2881e+04 1.3239e+04
  53.5000 1.1908e+04 1.0399e+04 1.3606e+04 1.0408e+04 1.3598e+04 1.1748e+04 1.2066e+04
  54.5000 1.0873e+04 9.5059e+03 1.2404e+04 9.5135e+03 1.2397e+04 1.0729e+04 1.1014e+04
  55.5000 9.9406e+03 8.7010e+03 1.1324e+04 8.7077e+03 1.1318e+04 9.8120e+03 1.0067e+04
  56.5000 9.1006e+03 7.9746e+03 1.0352e+04 7.9805e+03 1.0347e+04 8.9853e+03 9.2141e+03
  57.5000 8.3425e+03 7.3181e+03 9.4767e+03 7.3233e+03 9.4721e+03 8.2388e+03 8.4445e+03
  58.5000 7.6572e+03 6.7239e+03 8.6866e+03 6.7286e+03 8.6825e+03 7.5639e+03 7.7490e+03
  59.5000 7.0370e+03 6.1853e+03 7.9726e+03 6.1895e+03 7.9689e+03 6.9528e+03 7.1197e+03
  60.5000 6.4748e+03 5.6966e+03 7.3265e+03 5.7003e+03 7.3232e+03 6.3987e+03 6.5496e+03
  61.5000 5.9646e+03 5.2525e+03 6.7409e+03 5.2558e+03 6.7380e+03 5.8957e+03 6.0322e+03
  62.5000 5.5007e+03 4.8483e+03 6.2094e+03 4.8513e+03 6.2067e+03 5.4383e+03 5.5620e+03
  63.5000 5.0784e+03 4.4799e+03 5.7261e+03 4.4826e+03 5.7237e+03 5.0217e+03 5.1340e+03
  64.5000 4.6933e+03 4.1436e+03 5.2862e+03 4.1461e+03 5.2841e+03 4.6417e+03 4.7438e+03
  65.5000 4.3418e+03 3.8365e+03 4.8853e+03 3.8387e+03 4.8833e+03 4.2948e+03 4.3878e+03
  66.5000 4.0206e+03 3.5555e+03 4.5194e+03 3.5575e+03 4.5176e+03 3.9778e+03 4.0626e+03
  67.5000 3.7267e+03 3.2982e+03 4.1850e+03 3.3000e+03 4.1834e+03 3.6876e+03 3.7651e+03
  68.5000 3.4576e+03 3.0624e+03 3.8793e+03 3.0640e+03 3.8778e+03 3.4218e+03 3.4927e+03
  69.5000 3.2109e+03 2.8460e+03 3.5992e+03 2.8475e+03 3.5979e+03 3.1782e+03 3.2431e+03
  70.5000 2.9845e+03 2.6472e+03 3.3425e+03 2.6486e+03 3.3413e+03 2.9544e+03 3.0140e+03
  71.5000 2.7765e+03 2.4644e+03 3.1069e+03 2.4657e+03 3.1058e+03 2.7489e+03 2.8036e+03
  72.5000 2.5853e+03 2.2962e+03 2.8905e+03 2.2973e+03 2.8895e+03 2.5599e+03 2.6102e+03
  73.5000 2.4092e+03 2.1413e+03 2.6914e+03 2.1423e+03 2.6905e+03 2.3859e+03 2.4322e+03
  74.5000 2.2471e+03 1.9984e+03 2.5082e+03 1.9993e+03 2.5074e+03 2.2255e+03 2.2682e+03
  75.5000 2.0975e+03 1.8665e+03 2.3394e+03 1.8674e+03 2.3386e+03 2.0777e+03 2.1171e+03
  76.5000 1.9595e+03 1.7447e+03 2.1837e+03 1.7455e+03 2.1830e+03 1.9412e+03 1.9776e+03
  77.5000 1.8319e+03 1.6320e+03 2.0399e+03 1.6328e+03 2.0393e+03 1.8150e+03 1.8486e+03
  78.5000 1.7139e+03 1.5277e+03 1.9071e+03 1.5284e+03 1.9065e+03 1.6982e+03 1.7293e+03
  79.5000 1.6046e+03 1.4311e+03 1.7842e+03 1.4317e+03 1.7837e+03 1.5900e+03 1.6189e+03
  80.5000 1.5033e+03 1.3415e+03 1.6705e+03 1.3420e+03 1.6700e+03 1.4898e+03 1.5166e+03
  81.5000 1.4094e+03 1.2583e+03 1.5651e+03 1.2588e+03 1.5646e+03 1.3969e+03 1.4217e+03
  82.5000 1.3222e+03 1.1811e+03 1.4674e+03 1.1816e+03 1.4669e+03 1.3106e+03 1.3337e+03
  83.5000 1.2413e+03 1.1093e+03 1.3767e+03 1.1098e+03 1.3763e+03 1.2305e+03 1.2520e+03
  84.5000 1.1660e+03 1.0426e+03 1.2925e+03 1.0430e+03 1.2921e+03 1.1559e+03 1.1760e+03
  85.5000 1.0960e+03 9.8045e+02 1.2142e+03 9.8084e+02 1.2138e+03 1.0866e+03 1.1053e+03
  86.5000 1.0308e+03 9.2260e+02 1.1414e+03 9.2296e+02 1.1410e+03 1.0221e+03 1.0395e+03
  87.5000 9.7015e+02 8.6868e+02 1.0736e+03 8.6901e+02 1.0733e+03 9.6198e+02 9.7823e+02
  88.5000 9.1358e+02 8.1840e+02 1.0105e+03 8.1870e+02 1.0102e+03 9.0593e+02 9.2112e+02
  89.5000 8.6080e+02 7.7147e+02 9.5159e+02 7.7176e+02 9.5131e+02 8.5365e+02 8.6786e+02
  90.5000 8.1154e+02 7.2765e+02 8.9667e+02 7.2792e+02 8.9641e+02 8.0485e+02 8.1814e+02
  91.5000 7.6553e+02 6.8671e+02 8.4540e+02 6.8696e+02 8.4516e+02 7.5927e+02 7.7172e+02
  92.5000 7.2253e+02 6.4843e+02 7.9751e+02 6.4866e+02 7.9729e+02 7.1666e+02 7.2833e+02
  93.5000 6.8232e+02 6.1262e+02 7.5274e+02 6.1283e+02 7.5253e+02 6.7682e+02 6.8776e+02
  94.5000 6.4468e+02 5.7907e+02 7.1087e+02 5.7928e+02 7.1067e+02 6.3952e+02 6.4978e+02
  95.5000 6.0943e+02 5.4764e+02 6.7168e+02 5.4783e+02 6.7149e+02 6.0458e+02 6.1423e+02
  96.5000 5.7640e+02 5.1816e+02 6.3497e+02 5.1834e+02 6.3480e+02 5.7184e+02 5.8090e+02
  97.5000 5.4542e+02 4.9050e+02 6.0058e+02 4.9067e+02 6.0042e+02 5.4114e+02 5.4966e+02
  98.5000 5.1636e+02 4.6454e+02 5.6834e+02 4.6470e+02 5.6818e+02 5.1233e+02 5.2035e+02
  99.5000 4.8908e+02 4.4016e+02 5.3809e+02 4.4031e+02 5.3794e+02 4.8529e+02 4.9284e+02
  
